100001000
000001000
100001001
000010000
100001010
000011000
100001011
000100000
011000001
111000000
011000011
111000000
010000111
000101000
010000111
001101000
111000011
001000000
111000100
000000000
000010000
001101101
001000000
111000101
001101001
110000110
100000000
101001100
101001101
111000010
010110000
000000000
000010000
000000000
000100000
011000100
111000111
001010100
000010100
110000101
000000000
000100000
001000000
111000101
001101001
110000110
010000000
111000111
000001001
000010010
001101001
110000110
010110111
101001100
101001101
111000010