011111001
011011001
000011011
000011011
000011011
000011011
000011011
000011011
000011011
011000000
100001000
000000111
100010000
011101000
000101010
010101011
011000000
000000011
001000111
010010000
011000000
000000001
000000010
110110100
011100101
000100100
000100100
000100111
011110001
000110110
000110110
000110110
000110110
000110110
000110110
011000000
000000010
010000110
001000110
110110001
011000000
000000001
010000011
000010010
000001001
110110010
000010111
001100111
111100101
011110000
111111010
000100100
000100100
000101100
011110000
000110001
011000010
101110000
011000011
101101000
111000000